iline it ipx ipy ipz
176 8 3.514345735311508e-06 2.049454689025879 -0.4537487995740796
176 17 -0.002953320741653442 1.483038187026978 -0.6016905693579407
176 26 0.001576721668243408 1.337545156478882 -0.02647743716713804
176 41 0.003524690866470337 1.368302702903748 0.587718822146997
176 57 0.001064300537109375 1.428807854652405 0.7751976055629252
176 75 -0.001716673374176025 1.627216696739197 0.7562782539155443
176 101 1.132488250732422e-05 2.148973226547241 -0.320612971361152
176 112 -0.009077787399291992 1.51578962802887 -0.6551393978005323
176 119 0.0003375411033630371 1.349517703056335 -0.2151083459651579
176 134 0.0005351901054382324 1.350676298141479 0.4941703430760518
176 147 0.003556668758392334 1.389368414878845 0.754530690342087
176 162 -0.0005443692207336426 1.478039622306824 0.8123509513664178
176 178 -0.0002368688583374023 1.836496829986572 0.6505532378845849
176 204 -0.0001649558544158936 1.796409487724304 -0.6384470661812658
176 210 -0.008324354887008667 1.428274512290955 -0.5375198174336574
176 221 -0.0003497898578643799 1.332702040672302 0.118438977054369
176 235 0.005465859547257423 1.371355772018433 0.6413036191961528
176 251 -0.0005034804344177246 1.427274703979492 0.7936735776015302
176 267 -0.001910924911499023 1.623722314834595 0.7605702468173545
176 293 -0.0003004074096679688 2.156952619552612 -0.2984055017363462
176 304 -0.003293395042419434 1.517990350723267 -0.6478751478680577
176 311 0.001123785972595215 1.349931120872498 -0.2312678708448231
176 325 0.002472817897796631 1.344881772994995 0.4752133940738079
176 338 0.004036366939544678 1.379962921142578 0.7517595234320471
176 350 -0.002094954252243042 1.445452690124512 0.8182460735886915
176 366 0.0009382963180541992 1.693405866622925 0.7338606030692847
176 393 5.507469177246094e-05 1.983661770820618 -0.5056855920020791
176 401 -0.004089057445526123 1.4736487865448 -0.5765504755824152
176 411 0.001667261123657227 1.34277331829071 0.03731350623386326
176 426 0.002399355173110962 1.390828132629395 0.6116715864012966
176 450 -0.0007096529006958008 1.486077070236206 0.7656382018387579
176 468 -0.0001958012580871582 1.89117705821991 0.6213546472154101
176 492 1.484155654907227e-05 1.760687232017517 -0.6607440225471931
176 498 0.0001257359981536865 1.427039384841919 -0.4953005983609305
176 511 0.0009350627660751343 1.346902251243591 0.2159389730452917
176 525 0.001496236771345139 1.414198994636536 0.6697524899244257
176 552 -0.0003466010093688965 1.556237936019897 0.7527479246512931
176 574 -1.853704452514648e-05 2.210272312164307 0.1514089149581881
176 591 0.008843004703521729 1.584306120872498 -0.6393002149096616
176 599 0.0002288222312927246 1.369912028312683 -0.224902258152756
176 614 0.001067459583282471 1.383130550384521 0.4934571775837966
176 639 -0.0001561641693115234 1.485183000564575 0.7286538359098592
176 659 0.000170290470123291 1.865355491638184 0.6190926600400252
176 684 0.0003414154052734375 1.765191435813904 -0.6452151055009888
176 691 -0.005499213933944702 1.426039099693298 -0.4571313552533808
176 704 -0.0003368258476257324 1.359079122543335 0.2780110592204331
176 719 0.001889899373054504 1.446677565574646 0.6801047475873396
176 749 -5.260109901428223e-05 1.676145434379578 0.7190077489585841
176 776 0.0001336038112640381 2.00084924697876 -0.4762450328750062
176 786 -0.0004273056983947754 1.475846409797668 -0.5409972574490737
176 797 5.352497100830078e-05 1.352110266685486 0.1205113534180564
176 812 0.001210719347000122 1.425660610198975 0.6392574041992435
176 842 0.0005089044570922852 1.59893274307251 0.7337448891289429
176 868 6.020069122314453e-05 2.186460018157959 -0.1947434750693962
176 880 0.002288281917572021 1.528696537017822 -0.5886172799881652
176 890 0.001247286796569824 1.356493353843689 -0.02780630047217574
176 905 0.000872492790222168 1.414154291152954 0.59011913856621
176 936 1.498311758041382e-05 1.565794944763184 0.7239403780046937
176 960 0.0001635551452636719 2.230479717254639 0.03996971194133786
176 975 0.003417730331420898 1.570567011833191 -0.6227362556322779
176 984 -0.000998079776763916 1.369201183319092 -0.1494908935616741
176 999 0.001723408699035645 1.408643245697021 0.5391805938121009
176 1032 -0.001151368021965027 1.563623189926147 0.7089517195354808
176 1056 0.0001363456249237061 2.227641820907593 0.03647823577280655
176 1071 0.0006543397903442383 1.570158958435059 -0.6066385607160301
176 1081 -0.0008912086486816406 1.369844079017639 -0.09882766155361697
176 1096 0.0001237988471984863 1.428616762161255 0.5638943465253218
176 1132 -0.0004823207855224609 1.630828022956848 0.6938333196118073
176 1159 2.86102294921875e-05 2.092330455780029 -0.3868588549841166
176 1169 -0.005412280559539795 1.511746525764465 -0.5411139160730892
176 1181 0.0003528594970703125 1.367482304573059 0.1301655804289919
176 1198 0.0002309083938598633 1.480902194976807 0.6333643701320819
176 1235 4.214048385620117e-05 1.859761357307434 0.598806019253011
176 1261 -4.792213439941406e-05 1.743268251419067 -0.6138959281726687
176 1269 0.0008885562419891357 1.418354153633118 -0.33322938594659
176 1284 -0.001076608896255493 1.404889702796936 0.4354223940654746
176 1321 0.0004214644432067871 1.584051609039307 0.6809211023653
176 1347 -6.961822509765625e-05 2.189741134643555 -0.1602749811765357
176 1361 0.003010213375091553 1.531512975692749 -0.5461179820253282
176 1372 -3.039836883544922e-06 1.368558168411255 0.1067902191494897
176 1389 0.0002872347831726074 1.479837894439697 0.6287172959111227
176 1427 3.916025161743164e-05 1.856586813926697 0.5989920455273008
176 1453 -6.699562072753906e-05 1.743724346160889 -0.6121476398717804
176 1461 0.0005727410316467285 1.418067336082458 -0.3285586724389565
176 1476 -0.0009797513484954834 1.406962394714355 0.43974893431041
176 1514 -0.0006891489028930664 1.593058824539185 0.6776672216900507
176 1540 8.666515350341797e-05 2.159041881561279 -0.2370280564685275
176 1553 0.001295983791351318 1.522686123847961 -0.5270107211974303
176 1566 5.096197128295898e-05 1.375129699707031 0.1643828049000434
176 1585 0.000334322452545166 1.507216930389404 0.6360743833042216
176 1624 -1.561641693115234e-05 2.038835048675537 0.4497871852466188
176 1646 0.001619905233383179 1.639845371246338 -0.5977313999185018
176 1656 -0.00128173828125 1.387570381164551 -0.1471589768950146
176 1672 -0.0005288869142532349 1.450359344482422 0.5472873418559349
176 1712 2.759695053100586e-05 1.73692262172699 0.6526348280591541
176 1739 0.0003288388252258301 1.856512069702148 -0.5627747502863387
176 1748 -0.001781284809112549 1.44494891166687 -0.3905670269558522
176 1763 -0.0001786351203918457 1.401233434677124 0.3870086089610466
176 1801 0.0007458925247192383 1.580008387565613 0.6682014647238917
176 1827 -9.059906005859375e-05 2.192426919937134 -0.1462402069484244
176 1841 0.00214308500289917 1.53152596950531 -0.5369774908580682
176 1853 -0.0004492998123168945 1.372249484062195 0.1332679229043086
176 1871 0.0002453327178955078 1.49491286277771 0.6323033520940402
176 1909 -7.772445678710938e-05 1.933865547180176 0.5590445295443995
176 1934 0.000245511531829834 1.682780146598816 -0.5984259010031305
176 1942 0.0005886256694793701 1.394765615463257 -0.2445848741971585
176 1958 0.001289188861846924 1.416093230247498 0.4939081713381988
176 1994 -9.417533874511719e-05 1.601955890655518 0.68634273408399
176 2021 0.0001280307769775391 2.143491506576538 -0.2817844465342879
176 2033 6.645917892456055e-05 1.521374702453613 -0.5378620841526519
176 2045 -9.059906005859375e-06 1.370486974716187 0.1349812575675913
176 2062 0.0003579854965209961 1.490206122398376 0.633303403212227
176 2101 1.97291374206543e-05 1.903701066970825 0.5804421317954567
176 2125 0.00215756893157959 1.710625290870667 -0.6085580744813102
176 2134 -0.0001665949821472168 1.405200600624084 -0.2891181192469428
176 2149 -0.001295328140258789 1.406794548034668 0.4656629641359635
176 2185 0.0002379119396209717 1.572034120559692 0.6909897851475606
176 2209 1.105666160583496e-05 2.222856998443604 -0.04977639870562425
176 2224 -0.0003185421228408813 1.555524587631226 -0.5793462675678466
176 2234 4.400312900543213e-05 1.366313099861145 0.002974542377337942
176 2251 2.580881118774414e-05 1.449177503585815 0.6013146713987043
176 2287 -0.0002875328063964844 1.713392019271851 0.6679037721208535
176 2314 0.0003880858421325684 1.909248232841492 -0.5536108462379425
176 2323 0.0001994967460632324 1.464812994003296 -0.466783921582323
176 2336 -1.382827758789062e-05 1.378150939941406 0.2833815632215309
176 2364 4.76837158203125e-07 1.516630291938782 0.6628638483865282
176 2393 0.0001906156539916992 2.073659658432007 0.4215757046062941
176 2414 0.0003519952297210693 1.634472489356995 -0.6094413067231177
176 2423 -0.0003756023943424225 1.386879920959473 -0.1754097209295774
176 2439 -0.0003791060298681259 1.434744954109192 0.5333701517756766
176 2478 -8.064508438110352e-05 1.674214005470276 0.6732567302550133
176 2505 0.0005868077278137207 1.954151511192322 -0.4977857652013338
176 2515 -0.002214133739471436 1.466645479202271 -0.4477843537942214
176 2529 -0.0002771615982055664 1.388586401939392 0.3165542950961747
176 2566 0.000343024730682373 1.549903988838196 0.6610334079414367
176 2591 4.124641418457031e-05 2.210515975952148 0.09031721115433587
176 2608 -0.003878027200698853 1.571273803710938 -0.5671441176587017
176 2619 -0.000187218189239502 1.374889612197876 0.02354819668091905
176 2636 0.0009667277336120605 1.484620094299316 0.6040352787009672
176 2676 3.898143768310547e-05 1.886670470237732 0.5817732553305192
176 2701 0.0009414553642272949 1.714396238327026 -0.6014388503111758
176 2710 8.767843246459961e-05 1.406944751739502 -0.2580389953251039
176 2726 0.00185847282409668 1.427716255187988 0.4900330955467435
176 2765 -0.0001141726970672607 1.664047241210938 0.6669044170470513
176 2793 0.0005381107330322266 1.964056253433228 -0.4824410024714
176 2803 0.0001820921897888184 1.465824007987976 -0.4327024565000159
176 2818 1.662969589233398e-05 1.396334171295166 0.340991953034269
176 2856 0.0008885860443115234 1.571655631065369 0.6616857481945096
176 2882 -9.119510650634766e-06 2.210284471511841 -0.08412088262024463
176 2897 -0.0001360774040222168 1.543159961700439 -0.5464808632297666
176 2908 0.0001263022422790527 1.37104344367981 0.1041923287235526
176 2926 -0.0002655386924743652 1.48720383644104 0.626952461326734
176 2964 7.903575897216797e-05 1.889044642448425 0.585441218172694
176 2989 0.001010656356811523 1.719804406166077 -0.6088143242157087
176 2998 7.957220077514648e-05 1.41005551815033 -0.2900159660243725
176 3013 0.00174325704574585 1.414309978485107 0.4678843558938229
176 3051 -0.0001004934310913086 1.616624712944031 0.6728620784583861
176 3078 0.0001021623611450195 2.10008978843689 -0.3635742728252407
176 3089 0.0003157854080200195 1.512423157691956 -0.5156181559272188
176 3102 0.0007877945899963379 1.377733588218689 0.1978885946827216
176 3125 1.394748687744141e-05 1.519145369529724 0.6398847170605052
176 3162 0.0001459121704101562 2.095218420028687 0.3917449480596997
176 3183 -0.001326918601989746 1.620595216751099 -0.5910593437636718
176 3193 0.0007985532283782959 1.382555961608887 -0.1008388055335644
176 3209 0.0001133382320404053 1.46006178855896 0.5652316003649704
176 3249 -2.757646143436432e-05 1.784003734588623 0.6333160825703087
176 3276 0.001238822937011719 1.778830051422119 -0.5754499745050351
176 3285 -0.0005880892276763916 1.419638633728027 -0.303376897110076
176 3301 0.0003127604722976685 1.423688530921936 0.4628544548770377
176 3341 0.0004842877388000488 1.649406909942627 0.669064575855899
176 3368 -0.000162273645401001 2.005608558654785 -0.4495304827074779
176 3379 -0.0002658665180206299 1.474457263946533 -0.4621603393905639
176 3392 -9.480118751525879e-05 1.385723948478699 0.2954521864591544
176 3428 -0.0003875494003295898 1.540164709091187 0.6607031926685388
176 3453 -4.482269287109375e-05 2.174535751342773 0.2280426536886465
176 3472 -0.001123666763305664 1.582553505897522 -0.5691327571769417
176 3482 0.0002331733703613281 1.375041961669922 -0.004675878988073187
176 3499 0.002079129219055176 1.475755333900452 0.5974411171061688
176 3539 3.206729888916016e-05 1.848309993743896 0.5962832129432938
176 3565 -9.572505950927734e-05 1.740027666091919 -0.6031783289704934
176 3573 6.74128532409668e-05 1.415066957473755 -0.2928596512019481
176 3589 -0.00127720832824707 1.422297716140747 0.4694593833119294
176 3628 6.565451622009277e-05 1.645344972610474 0.6710293140523281
176 3656 -0.0001080906949937344 2.021346092224121 -0.4390496564141119
176 3666 -0.0002845525741577148 1.479640960693359 -0.4758917507352419
176 3680 5.7220458984375e-05 1.381012201309204 0.2721684527323514
176 3711 -4.214048385620117e-05 1.52386486530304 0.6589305600544886
176 3738 6.222724914550781e-05 2.103780031204224 0.3861904505799556
176 3759 -0.001849651336669922 1.620959639549255 -0.6006177065088076
176 3768 0.001148253679275513 1.381826519966125 -0.1355323455023169
176 3784 0.001946896314620972 1.44024920463562 0.5507442030133159
176 3823 3.826618194580078e-05 1.698928833007812 0.6606754863535796
176 3850 3.927946090698242e-05 1.913857460021973 -0.540129327779281
176 3859 -0.001831412315368652 1.462254762649536 -0.4397841276294494
176 3873 0.0003514885902404785 1.389613270759583 0.3277886689720866
176 3910 0.0004819035530090332 1.553507208824158 0.6617768807626668
176 3936 5.154311656951904e-05 2.216293334960938 0.05672638223541229
176 3952 -0.003960996866226196 1.56816303730011 -0.5654442257578255
176 3963 -0.0002108514308929443 1.374937534332275 0.03454504289301046
176 3980 0.0005702376365661621 1.488266229629517 0.6063623448880687
176 4021 -3.325939178466797e-05 1.903600573539734 0.5738619432880195
176 4045 0.00156480073928833 1.700644969940186 -0.5975706922646351
176 4054 -0.0007284283638000488 1.400068879127502 -0.2437774213393231
176 4070 -0.001787304878234863 1.424014687538147 0.4969024955390679
176 4108 -0.0004310011863708496 1.630627036094666 0.6784538844582033
176 4135 -9.801983833312988e-05 2.074688196182251 -0.3986279440964061
176 4146 -9.071826934814453e-05 1.505475282669067 -0.5117214537387403
176 4158 2.866983413696289e-05 1.376641631126404 0.2092351707218515
176 4180 -1.430511474609375e-05 1.516232013702393 0.642487539753555
176 4218 2.133846282958984e-05 2.081265687942505 0.4084702690406489
176 4239 -0.0003097355365753174 1.627023816108704 -0.5957835061942481
176 4248 4.99337911605835e-05 1.384748220443726 -0.1213753600780221
176 4265 -0.001676127314567566 1.456355571746826 0.5579158741956359
176 4305 0.000111311674118042 1.763365268707275 0.6462322405259536
176 4331 1.344084739685059e-05 1.809746026992798 -0.5682412643058306
176 4341 -0.0004573017358779907 1.426467657089233 -0.3503619913591892
176 4356 0.0004542768001556396 1.406346559524536 0.4213877495422489
176 4393 1.585483551025391e-05 1.586861252784729 0.6768335611214515
176 4420 1.466274261474609e-05 2.177573442459106 -0.1896429124900512
176 4433 0.002117335796356201 1.5268874168396 -0.5335805612836935
176 4445 -0.0003978610038757324 1.372988700866699 0.1447477554546009
176 4463 0.0003675222396850586 1.498642206192017 0.6339535690499229
176 4502 0.0001567602157592773 1.96422815322876 0.528543797380736
176 4526 0.002701997756958008 1.662141680717468 -0.5928238782917502
176 4535 -0.000117868185043335 1.390857696533203 -0.1856050863758873
176 4551 0.001512438058853149 1.438328862190247 0.5289335049442668
176 4590 0.0002009272575378418 1.690629482269287 0.6608107483506486
176 4618 -0.000120997428894043 1.921435594558716 -0.5304984148795825
176 4627 -0.0009617805480957031 1.46239960193634 -0.4343694982369674
176 4641 0.0001090764999389648 1.39266037940979 0.3364884022902556
176 4679 -0.000789836049079895 1.561879515647888 0.6617427893476254
176 4705 8.529424667358398e-05 2.220389366149902 -0.007392192754166891
176 4720 -0.002966240048408508 1.559691429138184 -0.5576675188565117
176 4732 -0.0001709163188934326 1.37508761882782 0.07011969612649822
176 4749 -0.000341951847076416 1.499197483062744 0.6132797656783772
176 4791 5.117058753967285e-05 1.974528431892395 0.510711203894507
176 4814 0.001570075750350952 1.652123332023621 -0.5827515066830452
176 4824 -0.000435560941696167 1.389358639717102 -0.1285412704753335
176 4841 0.001072108745574951 1.463944792747498 0.5556069884377758
176 4882 1.263618469238281e-05 1.811021208763123 0.6091503389155639
176 4908 -0.0002540349960327148 1.752530932426453 -0.5867851135579539
176 4918 -0.0002200007438659668 1.414960145950317 -0.2681842756670389
176 4934 -0.001375913619995117 1.437364339828491 0.4885077077408935
176 4975 -0.0004207491874694824 1.714993953704834 0.6427067623822631
176 5002 5.954504013061523e-05 1.870927095413208 -0.5512190803951137
176 5012 -0.0002248287200927734 1.447465896606445 -0.3636974092489677
176 5028 -7.164478302001953e-05 1.421819925308228 0.4201814990309395
176 5070 -4.214048385620117e-05 1.671886920928955 0.6426786701612939
176 5098 -9.98377799987793e-05 1.920443534851074 -0.5117075202662483
176 5108 0.0001077651977539062 1.454223275184631 -0.3680096347736825
176 5124 -0.0003194212913513184 1.426935195922852 0.4204624121595092
176 5167 -0.0004749298095703125 1.699495792388916 0.6302858754171359
176 5194 0.0001468062400817871 1.871620535850525 -0.5406814258636482
176 5205 0.0007526278495788574 1.443371653556824 -0.3190796192131681
176 5221 -0.0009868741035461426 1.449620604515076 0.4615759907803773
