iline it ipx ipy ipz
101 34 0.0007193008131940459 2.608126204904802 0.09919823150801069
101 82 2.171327759126207e-05 3.297294351542891 -0.8850394779301298
101 122 -4.883394066812485e-05 4.101930488207089 0.5565278721805164
101 166 -3.524425974432699e-05 2.734656544042252 0.4850957198332861
101 216 -4.056260737517192e-05 2.885306454041174 -0.6740699728174594
101 258 6.964278702947801e-06 4.271154826947325 -0.1622308855381727
101 300 -2.029887056731461e-05 3.038087074144196 0.7892108524838114
101 349 -2.350280549734407e-06 2.659889034164883 -0.327958322402466
101 394 -3.907261434576981e-05 3.900811826807168 -0.753162190759147
101 434 -1.537235841664319e-05 3.512293764362105 0.8951746908627715
101 481 -0.002894858628904706 2.603061610630538 0.05371918212674567
101 529 -3.358172651735103e-06 3.358866777724804 -0.8953187423481044
101 569 -2.143465044301962e-05 4.042607985918327 0.6298157120922624
101 614 -2.610000902592002e-05 2.704442098419063 0.4332734101770936
101 663 1.398795414919718e-05 2.935260802194768 -0.7197327342266852
101 705 -5.233799204273915e-05 4.285624316940177 -0.03518461418473051
101 747 1.52017058754339e-05 2.969941172123572 0.7466717503601359
101 796 -1.338277672013888e-05 2.687312781508254 -0.3986016596945235
101 841 -4.141288917747232e-05 4.003272901241916 -0.671529153793891
101 880 -8.072226092781243e-06 3.400062961195473 0.8990524612910517
101 928 -0.0247753636067074 2.600493410029774 -0.03109161119204453
101 976 -3.924485862022431e-05 3.480105036412067 -0.8999189181815701
101 1015 -3.026735740951914e-05 3.922339089291762 0.7392446839472996
101 1061 -2.282166104983219e-05 2.66148645334474 0.3396446790466057
101 1109 -1.015370638235424e-05 3.030969706167584 -0.7881719504576067
101 1151 -1.166242558903186e-05 4.271114431822379 0.1756221800101151
101 1193 -1.446002472316188e-06 2.872802891242539 0.6667438828062385
101 1242 9.493553543071798e-06 2.743655405573887 -0.5060263332102977
101 1286 -1.397393313662398e-05 4.140986208901661 -0.5066790820504646
101 1326 -2.0872781136827e-05 3.239980459781663 0.8761315863195684
101 1375 0.001183275988409394 2.611548983988289 -0.1569273275547608
101 1421 -4.683128153604166e-05 3.668502987985702 -0.8687576558367461
101 1460 -2.411473124563912e-05 3.730304558520883 0.8468378106740289
101 1507 -0.0001913157458430792 2.619134308775605 0.2002395902958748
101 1555 -2.113141928106188e-08 3.18907250841472 -0.8622159503799071
101 1595 -7.752706137065246e-06 4.175987835480476 0.4482863833631786
101 1639 -3.303776681540249e-05 2.763353322211383 0.5388986400847998
101 1688 -2.754995922582548e-05 2.846719108992226 -0.6422218190930726
101 1731 -4.741851061229596e-05 4.263206939812817 -0.2213762593146168
101 1772 1.589462608353465e-05 3.0504132648344 0.8018651891190905
101 1821 5.202501274093052e-05 2.654468179793638 -0.3272751553083592
101 1866 -4.257200453006149e-05 3.918084575752559 -0.7464003909405412
101 1905 -7.70269833216819e-06 3.473797402777493 0.9025808792522473
101 1953 -0.002577574723433229 2.596765699561618 0.01266853156178196
101 2000 -7.83377931135032e-06 3.429486262279083 -0.9042616649123696
101 2040 -1.277789121845174e-06 3.957263239887531 0.7160704545696581
101 2085 -2.893779827006782e-05 2.664030581086001 0.3557240848736977
101 2133 -2.581734452444806e-05 3.02236735243281 -0.7870443668397711
101 2174 -1.773340291122416e-05 4.272346856155615 0.1845792819010052
101 2217 1.03791948888321e-05 2.858653742922161 0.6575206924313363
101 2266 4.238594161815046e-05 2.754330651571699 -0.5288638826659472
101 2310 -2.308821932750504e-06 4.175478335643408 -0.4543973231754196
101 2350 -2.199056859653048e-05 3.18482045359138 0.863358286056257
101 2398 -0.001036646628772564 2.618777170945422 -0.212014202216325
101 2444 -2.446078187667844e-05 3.760718036828826 -0.838527556244703
101 2483 -4.031747321697754e-05 3.622797847480812 0.8837644453328224
101 2530 0.001080124449990283 2.601629020224464 0.1155919916417005
101 2578 -8.847354174168487e-06 3.303114595317314 -0.8945141863943625
101 2617 -3.570275821074276e-05 4.068919140577746 0.6094985427368746
101 2662 -6.953225538364194e-05 2.697777538861867 0.4353861356280175
101 2711 -4.021395672793027e-05 2.947171046733155 -0.7379640797063898
101 2752 -1.938148910551885e-05 4.291056579630403 0.04420016281240997
101 2794 1.967736798724751e-06 2.910501916661789 0.7087160730221145
101 2843 4.542074622515546e-05 2.718962786181423 -0.475406901232524
101 2887 -7.28638499203349e-05 4.123144257134513 -0.5418189509419403
101 2926 -2.896851932265854e-05 3.241575611304306 0.8821500303869504
101 2975 0.0001930584993843354 2.608175484875285 -0.169371055734789
101 3021 -6.374867428160513e-06 3.707170541109108 -0.8616147345002992
101 3060 -4.507691414601389e-05 3.666974688965877 0.8739689672893463
101 3106 0.0007977311785645202 2.603064519100212 0.1412952106912438
101 3154 -7.985706052870967e-06 3.277149661136749 -0.8915766274812094
101 3194 -1.828319521113286e-06 4.085605437526386 0.5922616894795543
101 3238 -7.893314410856167e-05 2.699592408228894 0.4433336712654422
101 3287 -3.288366549658583e-05 2.943683401234213 -0.73784108818122
101 3328 -3.974330995265563e-05 4.292360994987021 0.05209882203669482
101 3370 7.146544256930731e-06 2.900350321960883 0.7026012196431168
101 3419 -1.824931800309404e-05 2.725433263260575 -0.490543332270753
101 3462 -1.700458817710526e-05 4.146648826743839 -0.5099165396467085
101 3502 2.182490001967352e-05 3.206748646031476 0.8745570090438962
101 3550 -0.001051049008193639 2.612807127462079 -0.2034504222447623
101 3596 -3.956958198036986e-05 3.764059178633258 -0.8411954635581697
101 3635 -4.589809510888165e-05 3.601088932892028 0.8925263062851767
101 3682 0.0001110203144353283 2.594776975511357 0.08915329588129477
101 3729 -1.389195474987837e-05 3.350079524379244 -0.9052842333640196
101 3768 -4.685603792786708e-05 4.009489844797796 0.6772561933516046
101 3813 -7.254011891433265e-05 2.66660443816787 0.3779358332001181
101 3862 -2.814794928918118e-05 3.013638490011228 -0.7888541567105514
101 3902 -4.570906243139827e-05 4.271471625347133 0.2132915364621042
101 3945 -2.205632401830471e-05 2.82924059736021 0.6351989673808464
101 3993 2.775211051325721e-06 2.779279678092106 -0.5745420011396004
101 4036 -1.831638934901569e-05 4.233333564620308 -0.3413626952057091
101 4076 -3.319509704713397e-05 3.084974794069268 0.8289478773557781
101 4125 0.0001413008868409449 2.641338052159357 -0.3140148031280822
101 4170 -2.756332073716727e-05 3.930206847002585 -0.7465710555879643
101 4209 3.021306797634793e-06 3.426852467314336 0.9111466291333806
101 4256 -0.02069797320898736 2.589444008321662 -0.04010282553420128
101 4303 -9.028599982113805e-06 3.535473004505943 -0.9063905100194404
101 4342 -1.771558592622569e-05 3.817311862829764 0.8174856446425791
101 4387 -0.0001321504605684698 2.616554816424761 0.233763021011791
101 4435 -6.017337583541504e-06 3.178790698678958 -0.869393891278059
101 4475 -2.498049411037151e-05 4.156827180029406 0.4988421084823848
101 4518 -3.464341604597632e-05 2.72143234900147 0.4921792394040672
101 4567 -1.968065979873757e-05 2.90661867682741 -0.7136284268268928
101 4608 -3.275167447029312e-05 4.297640295475685 0.004048163056212958
101 4650 1.857276374728212e-05 2.905165571265296 0.7129660025882978
101 4699 -3.399034796969236e-05 2.722717000799691 -0.4950190887863806
101 4742 -2.345422804173047e-05 4.165726284934643 -0.4866225738495742
101 4782 -2.173995605114776e-05 3.167387367173819 0.8664966659107789
101 4830 -0.000265460365867165 2.618701185587117 -0.2481032806545803
101 4875 -1.689336732835223e-05 3.847130122477573 -0.8040881983425949
101 4914 -1.142264950021454e-05 3.497307269490867 0.9116139334729862
101 4961 -0.00043722200159102 2.58602562909658 0.001718257753965426
101 5008 -1.936076689568189e-05 3.483375440042554 -0.9136157089029362
101 5046 -5.534406943619175e-06 3.857350256580404 0.7979306070494728
101 5091 -2.923909401575386e-05 2.619137354908462 0.2544181740191281
101 5139 -3.275014891612749e-05 3.162369357604095 -0.866429225859754
101 5179 -1.110547615201796e-06 4.162743205658943 0.493602540709642
101 5222 -5.98036327865703e-05 2.717020174997035 0.4899801981528645
101 5271 -7.623910004528334e-06 2.914054728105834 -0.7234662902917312
101 5312 -1.049124534646673e-05 4.298945672091295 0.042855242519584
101 5353 -1.213235762254072e-05 2.879946983510805 0.6940598926242209
101 5402 6.346040822124976e-05 2.739999785614649 -0.5277288326597239
101 5445 -7.721568097251996e-05 4.206171967771048 -0.4159613376103011
101 5485 -4.149735221026241e-05 3.107608293797955 0.8453750745526064
101 5533 0.0001657717933472025 2.633244443667682 -0.3064727482813616
101 5578 -1.56807495965694e-05 3.940337796410178 -0.7449715635104918
101 5616 -3.673058375941451e-05 3.393578431931283 0.9152021411816114
101 5664 -0.003826392844913928 2.586408547501212 -0.07634087965256732
101 5710 -4.418792446497788e-05 3.611270674766526 -0.8987145080207194
101 5748 -2.72115664481376e-05 3.716365802224057 0.8675028345167148
101 5794 0.0006604944064978469 2.5942041970127 0.1485782439520902
101 5842 -1.926788124984036e-05 3.300150333868746 -0.9060007004049673
101 5880 -1.786507307532936e-05 4.026501796231284 0.6704943565162067
101 5925 -9.320880629570816e-05 2.654251246193985 0.3686679431507857
101 5973 6.140890244532571e-06 3.042781367558947 -0.8151876381964264
101 6013 -1.900807847676766e-05 4.245165338658899 0.3268006365679716
101 6055 -9.591938572361958e-06 2.765750542014306 0.5698042680377453
101 6104 1.14951578851219e-05 2.846736904286645 -0.6654066715156932
101 6146 -7.278723049231051e-06 4.297745501040668 -0.09665136592571442
101 6186 2.031410313863002e-05 2.9285438345498 0.7398643065032426
