iline it ipx ipy ipz
141 8 3.356696106493473e-05 2.041651487350464 -0.4477369201487661
141 17 -0.005558818578720093 1.488013505935669 -0.5674641039887156
141 27 0.001002073287963867 1.345445036888123 0.04800157909278706
141 42 0.0004158318042755127 1.395808696746826 0.6153398170512334
141 68 -0.0001095831394195557 1.502184629440308 0.7587536332215616
141 86 0.0008123517036437988 1.977346658706665 0.5452519979299745
141 109 9.658932685852051e-05 1.684766411781311 -0.6373341247736417
141 116 -3.144145011901855e-06 1.396301031112671 -0.364505187352947
141 131 0.000666201114654541 1.367752194404602 0.3868156753716861
141 147 0.001517683267593384 1.456160426139832 0.7063026776423532
141 175 -0.0002693533897399902 1.720199823379517 0.6930347787441167
141 202 0.001041829586029053 1.929743766784668 -0.5618362851824086
141 210 -0.000581204891204834 1.468061208724976 -0.5427757085742873
141 221 -0.000588536262512207 1.351325392723083 0.1232760621053585
141 236 0.00111997127532959 1.424735546112061 0.6398936623915851
141 266 0.0002965331077575684 1.595806121826172 0.736942716055325
141 291 3.11732292175293e-05 2.195063591003418 -0.1738421047971827
141 304 0.004498839378356934 1.531172513961792 -0.595189220869349
141 314 0.000390172004699707 1.355389833450317 -0.05048418648523068
141 329 0.0009309649467468262 1.405676126480103 0.5807875644122764
141 359 0.0001139640808105469 1.538503646850586 0.7371730155699371
141 380 0.0001997947692871094 2.167144775390625 0.2892333263267233
141 399 0.008683681488037109 1.600695610046387 -0.6262816376672365
141 407 0.0008214712142944336 1.371428966522217 -0.2235867073355992
141 422 0.001324355602264404 1.385026216506958 0.4961354453923586
141 448 -0.0001194477081298828 1.489493608474731 0.7285229775937213
141 468 0.0002712607383728027 1.888229370117188 0.6123314204650029
141 493 0.0001633763313293457 1.754944086074829 -0.6503312877380998
141 499 -0.004813432693481445 1.424583196640015 -0.4534634472138815
141 512 -0.0007843524217605591 1.359761476516724 0.2835359372847057
141 527 0.0006805062294006348 1.449081897735596 0.6808478631864484
141 558 0.0005378127098083496 1.689717054367065 0.7035434283410579
141 585 0.0002890825271606445 1.966027736663818 -0.5080154979487794
141 594 -0.006622672080993652 1.472553968429565 -0.5207378799036868
141 606 -0.0003723800182342529 1.358713984489441 0.1703727584794842
141 621 0.001781880855560303 1.450176239013672 0.6510009945798608
141 654 4.696846008300781e-05 1.699412941932678 0.6859934203580385
141 682 3.248453140258789e-05 1.941319942474365 -0.5323606056925336
141 690 -0.002505660057067871 1.470641493797302 -0.5041428666661496
141 702 -5.513429641723633e-05 1.364783763885498 0.2092799821133094
141 719 0.0009960532188415527 1.47205662727356 0.6562877023949639
141 753 0.0002610683441162109 1.789716720581055 0.6564932091075047
141 780 0.0005128085613250732 1.804021239280701 -0.5874466058471718
141 788 -0.001864761114120483 1.429863452911377 -0.4127615667776726
141 802 0.0002526789903640747 1.378433108329773 0.3468679703243086
141 826 9.701400995254517e-05 1.501316428184509 0.6815760872616012
141 854 0.000156104564666748 1.949728488922119 0.5583414750895964
141 877 0.0006871819496154785 1.686264753341675 -0.6148317805808001
141 885 -0.0001190602779388428 1.39733898639679 -0.3147346526568152
141 900 0.001886069774627686 1.387449145317078 0.438050559041977
141 930 0.0001235119998455048 1.512251853942871 0.7026539507928359
141 952 -0.0002050101757049561 2.033337593078613 0.4698133631478499
141 974 0.001687090843915939 1.654894709587097 -0.6302471324609281
141 982 -0.0009095370769500732 1.392788052558899 -0.2773475177180275
141 997 0.002290099859237671 1.39873993396759 0.4677706165454261
141 1030 -0.0003225803375244141 1.544227004051208 0.6984889650425077
141 1053 -1.621246337890625e-05 2.184805631637573 0.2131310378383907
141 1071 0.0009314417839050293 1.584519624710083 -0.5943160232195808
141 1081 0.0007334351539611816 1.371667146682739 -0.09665158139311754
141 1097 0.001371085643768311 1.433164358139038 0.5657161306131652
141 1132 0.0003197342157363892 1.642857909202576 0.6949902287698575
141 1159 -0.0002923905849456787 2.062604188919067 -0.4180329529896578
141 1169 -0.002213537693023682 1.501566290855408 -0.5302015965431146
141 1182 -3.546476364135742e-06 1.365750312805176 0.1622844308535034
141 1198 0.0006306767463684082 1.474286556243896 0.643389764185054
141 1234 -2.202391624450684e-05 1.816079258918762 0.6276680566216736
141 1260 0.0005722641944885254 1.773488998413086 -0.6021802717116034
141 1268 -0.0004649758338928223 1.42438018321991 -0.3719194739335152
141 1283 9.065866470336914e-05 1.393165707588196 0.3967411790617338
141 1318 0.0001252889633178711 1.547774076461792 0.6795203892281886
141 1343 2.539157867431641e-05 2.202123880386353 0.140442835526622
141 1360 -0.001536905765533447 1.576935410499573 -0.5828146011751646
141 1370 -0.0001055598258972168 1.372427105903625 -0.04015459928712562
141 1386 0.002253949642181396 1.456374287605286 0.5868872982322518
141 1424 0.0001224279403686523 1.740727424621582 0.6610557364415253
141 1451 0.0001410841941833496 1.864930152893066 -0.5676120827251938
141 1459 -0.001364290714263916 1.450766086578369 -0.4234964529964658
141 1474 -0.0004177689552307129 1.387707710266113 0.3472848051370258
141 1509 -0.0005640983581542969 1.540839314460754 0.670037575688687
141 1533 -3.337860107421875e-05 2.175938367843628 0.2283166628370043
141 1552 -0.0004696249961853027 1.583353996276855 -0.5754292939161656
141 1562 0.0005099773406982422 1.373833775520325 -0.0285777248055848
141 1578 0.0007846355438232422 1.464204788208008 0.5907520218122632
141 1617 4.492700099945068e-05 1.779473781585693 0.6456650866585156
141 1644 0.0007583945989608765 1.796091079711914 -0.5767219087504617
141 1653 -9.134411811828613e-05 1.424899339675903 -0.3533414075138507
141 1668 0.0001091840676963329 1.403071284294128 0.4175471174068344
141 1705 0.0007439851760864258 1.57498574256897 0.6794849825921906
141 1730 -2.789497375488281e-05 2.212751388549805 -0.08843816863898898
141 1744 0.003947943449020386 1.545400977134705 -0.5631601072938844
141 1755 2.038478851318359e-05 1.365052223205566 0.05258015243134918
141 1772 8.875131607055664e-05 1.457110524177551 0.617174566290581
141 1808 8.434057235717773e-05 1.734187126159668 0.6679777589914808
141 1834 9.328126907348633e-05 1.884335279464722 -0.56804055019878
141 1843 0.0001679062843322754 1.459607839584351 -0.4555035418662949
141 1857 0.0001736283302307129 1.37956976890564 0.3017342414325767
141 1888 -4.690885543823242e-05 1.521593809127808 0.6659170353437255
141 1914 9.441375732421875e-05 2.091620683670044 0.4030509133489268
141 1934 -0.0002412796020507812 1.628064274787903 -0.6080827505335011
141 1944 0.0002569705247879028 1.385013818740845 -0.1644306197544449
141 1960 -0.0007711052894592285 1.435307502746582 0.5384539270011993
141 1998 -0.0001710653305053711 1.677722215652466 0.6716690162817471
141 2025 0.000367581844329834 1.947306752204895 -0.5052410498188211
141 2035 -0.002263545989990234 1.465958476066589 -0.4466793546112756
141 2049 -0.0002012252807617188 1.388700127601624 0.3180913012231485
141 2086 0.0004492998123168945 1.550347089767456 0.6611452611119162
141 2111 4.9591064453125e-05 2.211400747299194 0.08581036813351361
141 2128 -0.003911912441253662 1.570890665054321 -0.5670207126225237
141 2139 -0.0002233982086181641 1.374881267547607 0.02465567197875403
141 2156 0.0009211301803588867 1.484953880310059 0.6042777286770746
141 2196 4.64320182800293e-05 1.888132333755493 0.5811747509427281
141 2221 0.000976860523223877 1.713280200958252 -0.6011828767712212
141 2230 -0.0001378655433654785 1.406419038772583 -0.2567194007133385
141 2246 0.001812100410461426 1.427491426467896 0.4906400296420516
141 2285 -3.546476364135742e-06 1.661669373512268 0.6686544502393739
141 2313 0.0002921819686889648 1.97168755531311 -0.4762960833833396
141 2323 -0.0003857612609863281 1.467339754104614 -0.4394810120019202
141 2337 -0.0003094375133514404 1.393621563911438 0.3308671101527476
141 2375 -0.0005316585302352905 1.563704609870911 0.6608012327397172
141 2401 5.476176738739014e-05 2.219616413116455 -0.02190637905345535
141 2416 -0.002311175689101219 1.5569669008255 -0.5547562410520113
141 2428 -0.0001912042498588562 1.374965071678162 0.08097191955517083
141 2446 -0.0008115172386169434 1.501208186149597 0.6155329809707691
141 2487 1.114606857299805e-05 1.991657018661499 0.4923174022226768
141 2510 0.001394450664520264 1.647093772888184 -0.5842451167484326
141 2520 -0.0004451274871826172 1.388725519180298 -0.1208842633138058
141 2537 0.0007489323616027832 1.466414570808411 0.5585024097562695
141 2579 0.0001180171966552734 1.826789855957031 0.5988115176856262
141 2605 -5.221366882324219e-05 1.742210626602173 -0.5909129127190602
141 2614 -3.927946090698242e-05 1.413181781768799 -0.2563478322974378
141 2630 -0.001387715339660645 1.441675543785095 0.4959638519412586
141 2672 -3.987550735473633e-05 1.729611158370972 0.6422716132377838
141 2699 0.0003671050071716309 1.849002599716187 -0.5562159481950787
141 2709 -4.923343658447266e-05 1.439247608184814 -0.3478206622117047
141 2724 0.0006185173988342285 1.422271966934204 0.4312358910189644
141 2765 0.0002379119396209717 1.653625249862671 0.6564908521960581
141 2793 5.689263343811035e-05 1.973458886146545 -0.4681568026240439
141 2803 3.874301910400391e-06 1.464524030685425 -0.4154318922487935
141 2818 4.00245189666748e-05 1.405638098716736 0.3663523944373288
141 2859 1.847743988037109e-05 1.60926878452301 0.6524903329999457
141 2886 1.466274261474609e-05 2.094821691513062 -0.3596652944065067
141 2898 -0.002527952194213867 1.507037401199341 -0.4816550191579235
141 2912 9.882450103759766e-05 1.393958449363708 0.2739311030487071
141 2952 0.0005811452865600586 1.5775146484375 0.6411185828654321
141 2979 -0.0001101493835449219 2.181456089019775 -0.1616407090402139
141 2994 4.231929779052734e-06 1.524306893348694 -0.503406830537439
141 3007 -7.253885269165039e-05 1.387197017669678 0.2240102018478077
141 3045 4.804134368896484e-05 1.554248929023743 0.639393959171529
141 3072 2.976506948471069e-05 2.215080261230469 0.02623709697111261
141 3088 -0.0002155601978302002 1.562288641929626 -0.5404743379709139
141 3101 -0.0004645884037017822 1.382947683334351 0.1233654863906301
141 3124 -8.118152618408203e-05 1.53514575958252 0.6151436136287147
141 3166 4.911422729492188e-05 2.177785634994507 0.1931906842174121
141 3184 0.0005932450294494629 1.575479984283447 -0.5364621027773766
141 3197 0.0004921555519104004 1.385963797569275 0.1183769210400296
141 3225 -0.0004736185073852539 1.543067336082458 0.6140428602416621
141 3264 7.18235969543457e-06 2.205045938491821 0.07413147024599334
141 3281 -0.0002370178699493408 1.565025329589844 -0.5238229544419347
141 3294 -0.0002270638942718506 1.392200469970703 0.1703364953784245
141 3335 3.457069396972656e-05 1.574162364006042 0.6166909599251371
141 3363 0.0002147555351257324 2.179272174835205 -0.1546217604058803
