iline it ipx ipy ipz
501 20 -0.0001165381307505764 2.923994296865242 -1.530514163359394
501 28 -9.46664267195696e-06 1.954133473918451 -0.701286309293541
501 34 -0.0006991102840969154 1.818447678027538 0.2138667259687496
501 40 -0.0003504219539052916 2.250653339729549 1.139081102782723
501 55 0.0001669397778017584 4.258568909374643 1.186455429008829
501 84 -0.000283918466206956 2.91918008596976 -1.530360607068543
501 92 -7.172823772039205e-05 1.952881179755265 -0.7017476313284896
501 98 -0.0003037166297714389 1.816783651316761 0.2113772036728438
501 104 -0.00041323458773454 2.244704824030011 1.134735080891232
501 119 7.945176942270038e-05 4.234109053443803 1.20899438984039
501 148 -5.638493851831128e-05 2.934268442170124 -1.535087518201864
501 156 0.000618539127057588 1.956154572625266 -0.7118228532541303
501 162 0.0002545779035234008 1.814151558376496 0.1995600254758398
501 168 -0.0001363735981040892 2.23052287547346 1.121451067494128
501 182 0.0001398558647441872 4.176966586491504 1.256912530008894
501 211 -0.0001219685286780736 2.96803113819998 -1.543743653750695
501 220 0.001121047625574023 1.963730318336487 -0.7306527764102231
501 226 0.0009077680205319405 1.81079599109799 0.1791785232035888
501 232 0.0008453237631821375 2.209271432496741 1.09987220692943
501 245 4.19688460671086e-05 4.089176838614474 1.321647253734737
501 275 -0.0004669728565169784 3.020891110354534 -1.555182517985938
501 284 -4.790903895512955e-05 1.975785751111431 -0.7584305075348925
501 289 -0.0003338537757863191 1.806649332824214 0.1496167226612101
501 296 0.001685670208006362 2.180517080035318 1.068934676281584
501 308 5.979148649570831e-05 3.966251656097073 1.397238209144803
501 339 -5.839408322994011e-05 3.098472576304323 -1.567654280126441
501 347 -0.002393810165577603 1.993699498693635 -0.7960142832119868
501 353 -0.001828703902255202 1.802406864893747 0.1104268493142802
501 359 -0.0003211022599607372 2.145350571355573 1.028033179742247
501 371 0.0001511680745729382 3.812163324022932 1.470889147490008
501 402 -0.0002218862682024092 3.204473838214035 -1.577053051392957
501 411 -0.0007729887816001479 2.01812586576575 -0.8422214602050985
501 417 -0.001297344016596036 1.799026992768225 0.06298763832588108
501 423 0.0006637671113232102 2.106967105449429 0.9790252508947095
501 434 0.0002984054884049847 3.639957965666037 1.529097739057633
501 465 -0.0001407402731699037 3.33902932907343 -1.577437618345559
501 475 0.0001852781647642132 2.049334072284393 -0.896310022796469
501 481 -0.001048394919660633 1.796670130859804 0.007395919744204702
501 487 0.001344362810965671 2.065587378350942 0.9212609490382651
501 497 0.0001267378805903108 3.452678489377927 1.566948679016496
501 528 -2.160477116494586e-05 3.511846144699232 -1.558980384496807
501 538 -0.002387243851128262 2.089752151432995 -0.9592843439762886
501 544 -0.07203846890450835 1.794807561169837 -0.05470417337376544
501 550 -0.0001936652750935686 2.022430996808848 0.8541925840224284
501 559 -7.885370379523415e-05 3.258014556123414 1.579866237200407
501 590 4.08289624378444e-05 3.730468855950397 -1.504021776152921
501 602 3.552322126976204e-05 2.14111413367627 -1.029774985593121
501 608 -0.01373315988172996 1.798667457858347 -0.1222511409674733
501 614 0.001240176185446251 1.980410662880653 0.7798234751104143
501 622 0.0001493025287515604 3.06906878514206 1.566823752231816
501 652 -5.017565441400862e-05 3.991750469933205 -1.387162891497574
501 665 -0.001556704228757089 2.204454038779259 -1.106027762509342
501 671 0.001180917968480522 1.804935217224136 -0.199597260580252
501 677 0.000233893964586035 1.940513569513048 0.69894059848597
501 685 0.0004472492676099171 2.890694141638058 1.530753569254781
501 714 9.082905466495372e-05 4.286640614364502 -1.168707891041668
501 728 -0.001867446032207676 2.282061184720481 -1.186897455345895
501 735 0.001456342780219388 1.81580671767711 -0.284341839733843
501 740 -0.0007512508957315811 1.903543137496587 0.6117426087435573
501 748 0.0005878120770088646 2.724630446569337 1.474742981112046
501 775 -2.332038669283776e-05 4.577158815363122 -0.7958847082319899
501 791 -0.0003142317110200743 2.377640864648991 -1.271260727978497
501 798 0.0006383887811285405 1.83240111408193 -0.3755291503660736
501 804 0.002039852737774461 1.870502579442896 0.5188481860717103
501 811 0.0008630148234946566 2.572499577700879 1.401935310262341
501 834 3.510957556174255e-05 4.766869298950488 -0.241948046768423
501 855 -0.0001013022221060811 2.495925913281377 -1.357088243075104
501 861 -0.000902011747819953 1.855937481956823 -0.4729221779559493
501 867 -0.001793742432312673 1.841889815324771 0.4197221208474937
501 874 0.001145027830556256 2.434850396292361 1.315217868928527
501 893 -3.448639715464275e-05 4.732063782064857 0.4133362010863018
501 918 -8.920169075166129e-06 2.64302857966299 -1.440588869116099
501 925 0.001293452873642575 1.887810836942022 -0.5759391720339539
501 931 0.0002900838781953463 1.818831323796317 0.3158800172973246
501 937 0.00123646591654214 2.312148792423259 1.217419597016994
501 953 9.682768666730013e-05 4.454364398556265 0.9840863796795787
501 980 -0.0004180440886724091 2.82665162454395 -1.515304275995205
501 988 -0.001818874092011979 1.929792968251725 -0.6849713318314358
501 994 7.907638345350243e-05 1.801589863620882 0.2066604221053883
501 1000 0.0008016784694467871 2.203121717884567 1.110057071950522
501 1013 0.0002131893077097491 4.04904142288877 1.355399266390738
501 1043 -0.0002782220921870859 3.059668129189802 -1.570283323219485
501 1051 -0.002745491700532399 1.984306104014809 -0.8003830092768685
501 1057 -0.001350398272295217 1.790667378538443 0.09067637309042259
501 1063 0.000282306397301646 2.105826840193151 0.9929490153870633
501 1074 0.0002934990774792201 3.627301934288306 1.538436516419068
501 1105 -0.0001348899204756115 3.363330572767445 -1.582056226288533
501 1114 -0.001618700530051198 2.055739343409231 -0.9225443099172113
501 1120 -0.090742576202616 1.785484191169691 -0.03074276597420939
501 1126 -0.000807626533464445 2.021798220350116 0.8681644542732767
501 1135 -5.877574434265398e-05 3.253381498889789 1.585286433062558
501 1166 1.445385653564557e-05 3.750114339663115 -1.501951646053867
501 1177 -0.0008946152110367311 2.147272243315796 -1.049023899515115
501 1184 -0.00126421276472044 1.793285811654199 -0.1512759065399906
501 1189 -0.001603243134228625 1.951120921229758 0.7378022005344618
501 1197 -4.270828892988243e-05 2.940852164372942 1.548847117793454
501 1227 5.476471609588973e-06 4.213662883213872 -1.238006270627277
501 1240 -0.0013755280697847 2.26392294105402 -1.1780579789306
501 1247 0.001460601318285175 1.808885198507462 -0.2841919351902543
501 1252 -0.001590993398563501 1.892518721903121 0.6016206570078538
501 1260 0.0005130966982929142 2.681183272192694 1.462140308455727
501 1285 5.942064328490204e-05 4.655190018770647 -0.6441291173907264
501 1303 -0.001747124974942338 2.415005203966648 -1.307286122683548
501 1310 0.003903087041405739 1.836777030604541 -0.423046261483574
501 1315 -0.0009487078998535736 1.846665258194311 0.4608346119107699
501 1322 0.0001239264182998356 2.469420521431329 1.345367805359612
501 1343 4.167209908034764e-06 4.766612942480612 0.2605822949273304
501 1366 -0.0004600383898667459 2.609691732720751 -1.429224739599631
501 1373 0.000683312166291028 1.878800922068832 -0.5675215392129974
501 1379 0.0001811596713022778 1.812944362230699 0.3157619295574803
501 1385 0.001632510077170191 2.295964023354251 1.209852580459148
501 1400 0.0001078721033729302 4.394626672587247 1.061571736362717
501 1428 -0.0007070304259931826 2.866169683778875 -1.532175185014572
501 1436 0.0005325139880025809 1.938183809297111 -0.7178747394320615
501 1442 0.000369768147491345 1.791326539189153 0.1653915066068952
501 1448 0.0013248536504884 2.153285810339387 1.060959058923845
501 1459 0.0001405583945348621 3.830805982846432 1.472637294101579
501 1490 -0.0001926010566561942 3.211178959264731 -1.58761974769116
501 1499 0.0004967158210136269 2.019942439978904 -0.8736114274243004
501 1505 -0.00101465215901031 1.783106528165374 0.01045289121935822
501 1510 -0.0003985467081688565 2.038991735054039 0.9043069349097742
501 1520 0.0003010105111205252 3.327976778289997 1.586899249097596
501 1551 1.504267972718409e-05 3.668056490330057 -1.530989547228465
501 1562 0.0002097438749141256 2.128374420195776 -1.031850344125037
501 1568 -0.004669134718076839 1.788054445169372 -0.1402483008230752
501 1573 -0.001542368762095524 1.948788631788057 0.7427591446813908
501 1581 -1.285145157654821e-05 2.931963009457062 1.550139481025747
501 1610 3.579419804444761e-06 4.237285418298789 -1.220612021340553
501 1624 -0.00205365811658724 2.271673632025102 -1.1907967087467
501 1631 0.0006292976438698784 1.807840040033027 -0.3029448030430274
501 1636 -0.001909575746829928 1.879075112412471 0.5765403794722445
501 1643 -0.0001116981871481793 2.624889063778837 1.439296481227809
501 1668 4.008626938367676e-05 4.731903208853151 -0.4289228898870813
501 1687 -0.0006377669532767749 2.463107085631312 -1.345901306125966
501 1693 -0.0005009294756974647 1.845253672535701 -0.4720871377970933
501 1699 -0.0006009570521610108 1.828108495373651 0.40567192579578
501 1706 0.0007648603636971618 2.38635897120069 1.290236010970205
501 1723 -3.496131038627226e-05 4.642510910459782 0.6778480898714101
501 1749 -0.0009948373773616126 2.723508129421667 -1.485595803242591
501 1756 -0.002559616915143947 1.904141863647203 -0.6477143460904495
501 1762 -0.001938776808959264 1.795027165054635 0.2298279065367695
501 1768 0.0007235401812970554 2.200555130457188 1.120232981575214
501 1781 0.0002126761406486821 4.027077766702228 1.374708871352553
501 1811 -5.873704442760364e-05 3.084377404522902 -1.580211546608331
501 1819 -0.002663543110020816 1.989912533748705 -0.8291256964215399
501 1825 -0.0004604430557793582 1.779967961418521 0.04933493257495265
501 1831 0.001995269276472977 2.056762478626763 0.9382882371354022
501 1840 1.167450183414687e-06 3.404004803392114 1.583923726640349
501 1871 5.400829359947235e-05 3.589935194476333 -1.553817545962685
501 1882 0.0001686647906957717 2.110352568792759 -1.014659343809628
501 1888 -0.0100570061897185 1.783205804302875 -0.1288838231175929
501 1893 -0.001487345772840584 1.947434806859393 0.7488974675640011
501 1901 -1.869914434639948e-05 2.927287292365961 1.552124856066516
501 1930 9.655192969104665e-05 4.253003157755757 -1.209267997107461
501 1944 -0.002296458421681663 2.277192282625337 -1.200751564285233
501 1950 -0.000340151803461336 1.806749872292919 -0.3183099073265085
501 1956 -0.0002618439848682264 1.867909521373174 0.5556349978939462
501 1963 0.0007527155073801528 2.578844434502767 1.418894419995231
501 1986 5.93950587017833e-05 4.774471734918978 -0.227807001645373
501 2006 -0.0003485141143537152 2.507110938972986 -1.377778671000751
501 2013 -0.004008993363918356 1.85380722519906 -0.5130967244589847
501 2019 0.003614489398867882 1.814612615029362 0.3604425477909254
501 2025 0.0004488231492909556 2.324160707136364 1.243321907464686
501 2041 0.0001543458931463348 4.476993567225017 0.96332544925247
501 2068 -0.0005166123517892363 2.826673955700444 -1.525270016945229
501 2076 -0.0002339396442191388 1.92804983779688 -0.7105726403556292
501 2082 0.0003620834613428103 1.784826714047592 0.1635615457085116
501 2088 0.0003626870179912478 2.136832906757671 1.050230936611545
501 2099 0.0001723876405381741 3.753466790616657 1.50652504655603
501 2129 -8.877835894449682e-05 3.277034876187697 -1.592826740114126
501 2139 -9.514410941546814e-06 2.035920193676021 -0.9112451279437543
501 2144 -0.09006902162437058 1.774660815311546 -0.03484534449572688
501 2150 0.001064247424470532 1.997637623957513 0.8479592049038689
501 2159 0.000160935660775241 3.144895084486442 1.588184631530358
501 2189 0.0001118662961185901 3.914427227288357 -1.439037637720009
501 2201 -0.001962108616086811 2.189573931901398 -1.113946979112638
501 2207 0.00015664292183315 1.791130655317514 -0.2315369100943001
501 2213 0.001687068100807876 1.896937216735847 0.6404894673481631
501 2220 0.0007078825016721968 2.708955599623206 1.482986250242047
501 2246 0.0001132897853199921 4.629317363401885 -0.7107654007349071
501 2263 -0.001953794740741532 2.405761405318512 -1.31083632658803
501 2270 0.004005631828876366 1.830929933188035 -0.4386496185088665
501 2275 -0.00249162235971323 1.828996614304687 0.4309944270335911
501 2282 0.001388574753023786 2.401626011898003 1.307612364930252
501 2300 0.0001155504763254989 4.669790722904406 0.6200792128551028
501 2325 -0.001024704780314911 2.709756797407739 -1.484287150091409
501 2332 -0.002683620113112184 1.899944984357437 -0.6505397209896864
501 2338 -0.0006908929276037146 1.788705402269798 0.2198626478379428
501 2344 0.001806263823528997 2.179125575274915 1.103452746449
501 2356 0.0002207534236480235 3.931722904912742 1.430873649457537
501 2386 -0.0002939246591269207 3.152014769265266 -1.590117379663732
501 2395 -6.670114223761292e-05 2.00600063291757 -0.8658724584024351
501 2401 -0.0004565065336517016 1.774820855780892 0.006503884145681646
501 2406 -0.001152167355577327 2.019519493325303 0.8882105171527513
501 2415 -1.270151575227807e-05 3.240086971821676 1.593909928438882
501 2446 2.044416400703852e-05 3.7893081916585 -1.495085816675659
501 2457 -0.002863904272125239 2.159300337091267 -1.081838662951991
501 2463 0.0001743112168673955 1.785692208873325 -0.2012121376265657
501 2469 0.002974147544597017 1.906646080782704 0.6687781002144046
501 2476 0.0002533378651756735 2.752167050617374 1.501689491817607
501 2503 0.0001024255602226631 4.563603269132527 -0.8350058038648545
501 2519 -0.0009010801560249693 2.378490976469044 -1.292173462791296
501 2526 0.004261514255250898 1.824464652950614 -0.4205360535512931
501 2531 -0.002483530855109661 1.831066377702348 0.4464512859799021
501 2538 0.001378997877722998 2.415174753894584 1.319642951954652
501 2556 5.276027552891804e-05 4.693599937216988 0.5603492235294697
501 2581 -0.001071746908902993 2.693820429300755 -1.47898883783791
501 2588 -0.002258348475265959 1.895836613481352 -0.6446973857760693
501 2594 -0.001168620290503464 1.787456187856856 0.2232095548654948
501 2600 0.00191589617475274 2.178043460365811 1.104564770420278
501 2612 0.0002713232338056315 3.92532583177032 1.43512421050725
501 2642 -0.0002787052716555216 3.158333776152939 -1.591696747644074
501 2651 0.0003368878905146699 2.007528880200066 -0.8714806324537562
501 2656 -0.1034179485426041 1.770189150450527 -0.001253986132231294
501 2662 -0.0009987669299447166 2.011478200880915 0.8779943225715371
501 2671 0.0003626360973301157 3.204777987561987 1.594117216670739
501 2702 5.149974141738234e-05 3.838380145463666 -1.476163835512385
501 2713 -0.002801382154694387 2.171648952204866 -1.098599159089502
501 2719 -0.0002734860082184154 1.786257440568328 -0.220532982723771
501 2725 0.002258031935962523 1.895749643306929 0.6466968808340327
501 2732 0.0007779157252838509 2.70644554568153 1.484971013276412
501 2758 7.75254244396173e-05 4.638500184824249 -0.6947549375367579
501 2775 -0.001928758680430631 2.411174586555804 -1.31850101067911
501 2782 0.002978767284393946 1.830758696647362 -0.4513184122434822
501 2787 -0.001342345381172838 1.821221237581064 0.4135878576541519
501 2794 0.0003016067256385035 2.370236146598118 1.287332380474373
501 2811 5.771309483559861e-05 4.598205199579189 0.7753277723072137
501 2837 -0.0003047000716038806 2.76038401100651 -1.506893865892355
501 2844 -0.002738621761116722 1.911496348955894 -0.6861981781425435
501 2850 0.001277405403764087 1.781060987615907 0.1802258028336194
501 2856 0.0009282039044500312 2.137772557351094 1.059417980589258
501 2867 0.0001445507368000865 3.75231672866884 1.510216558902098
501 2897 -9.853027420825278e-05 3.285057440555796 -1.596219224890724
501 2906 -0.001200373833108226 2.038195636932379 -0.9240666326128379
501 2912 -0.0767604492073154 1.770522936674385 -0.0536833424626052
501 2918 0.002989454001966707 1.976273631975508 0.8202526831018934
501 2926 0.0002701653161534256 3.052201850937984 1.581539215526482
501 2956 9.026527634747872e-05 4.061864355424103 -1.358426536517186
501 2969 0.0001657149052980422 2.227878016029442 -1.161023843167149
501 2975 0.001597105689966849 1.79435556428785 -0.2858987167841994
501 2980 -0.001925322978437838 1.868615058487569 0.5781708054423561
501 2987 0.0005001178448573729 2.589813930902772 1.43116420632286
501 3010 8.934653669800952e-06 4.77306783063758 -0.2551634302274834
501 3030 -0.000396428735597254 2.50527499414149 -1.383119249599536
501 3037 -0.003870090207032939 1.851321797718592 -0.5267612831236212
501 3043 0.002974673700678623 1.803353557868471 0.337301425677311
501 3049 0.001768811863398556 2.281348331688354 1.213036609845484
501 3063 -2.579173830913328e-05 4.327581094803233 1.143053717399412
501 3092 -0.0002808608365557352 2.917455058284245 -1.556012298125188
501 3100 0.0002063906016667241 1.949194256556883 -0.7700354448705152
501 3105 -0.001286486509224805 1.77323198477041 0.09524768534022908
501 3111 0.002262530518590766 2.070208636551699 0.9724249728256255
501 3121 0.0002136261878693535 3.458048842994269 1.583084753288124
501 3152 -7.193786249698464e-05 3.547198139789012 -1.568352152321439
501 3162 9.661795812104801e-05 2.101342973231259 -1.016010398650439
501 3168 -0.00411640729819801 1.775709020825739 -0.1412894149056161
501 3173 -0.001031049890345082 1.926183315999937 0.7234233936219978
501 3181 0.0004710152073281737 2.83896696159717 1.53484176203674
501 3209 3.734747860928422e-05 4.422785515821437 -1.038590274566221
501 3224 -0.0004446281478197589 2.330297387782618 -1.257922022763931
501 3230 0.001447799776132297 1.812798218756795 -0.3890956693900647
501 3235 -0.000247276993415424 1.833728779655101 0.4722110681348994
501 3242 0.0009623576919384202 2.434807968328418 1.338143440149309
501 3261 7.349136775447462e-05 4.722926904712794 0.4773907701834116
501 3285 -0.0009059904040913391 2.673765406633263 -1.473485897606681
501 3292 -0.001763065314002055 1.890303462358014 -0.6407265149532698
501 3298 -0.0008928484266480519 1.783527200296941 0.2217446230554728
501 3304 0.002131203871403642 2.167635528257315 1.097997372821107
501 3316 0.0001088975921523794 3.877483394009256 1.460472912199178
501 3346 -0.0002814886423385676 3.195729248067241 -1.59624929278842
501 3355 0.001007147001792941 2.016618625192817 -0.8930149034440782
501 3360 -0.09575514437550336 1.767313120354747 -0.02686760205139099
501 3366 0.001567968302063405 1.989014610879124 0.8464196916418838
501 3375 -0.0001019269546251866 3.107065994810197 1.589621658062378
501 3405 -1.192750573597579e-05 3.981621432967517 -1.407565087303247
501 3417 -0.0003515900044733788 2.207890460512068 -1.142512173715989
501 3423 0.001613526130910703 1.789992122186985 -0.2691366958359039
501 3428 -0.002575456477167781 1.87196411392495 0.5925742613966926
501 3435 0.0001501186704947477 2.606388295296021 1.441355119047033
501 3459 8.332551435996649e-05 4.762250792848254 -0.3201158594498027
501 3479 -6.752168883561449e-05 2.492783343585652 -1.377121121339061
501 3485 -0.004034834777492724 1.847927138059063 -0.5218382840652885
501 3491 0.003059504616406236 1.801999972258355 0.3396161467772215
501 3497 0.001967780426160561 2.278956363405786 1.213025487989468
501 3511 5.341494307248285e-05 4.317065764754046 1.154758817679063
501 3540 -0.0002001016981146436 2.925334553845458 -1.559233434360309
501 3547 -0.0004064868595684461 1.951020451755972 -0.7773830807947486
501 3553 -0.0006812915411533171 1.771029373761475 0.08565415390267472
501 3559 0.002729096631627903 2.059704765238628 0.9602664767046516
501 3568 -9.099784705890457e-05 3.411573558178067 1.58988468823891
501 3599 4.041034485779971e-05 3.598274248060993 -1.558057852059577
501 3610 0.0002859469722880092 2.113964486600706 -1.034801529302531
501 3615 5.591138025173858e-05 1.775904192985998 -0.1618359728531529
501 3621 0.00122714477875363 1.913988324263345 0.7001414895315294
501 3628 -6.87869367781424e-05 2.78748802693685 1.519349286332643
501 3656 1.02901015219814e-06 4.514280397065357 -0.9174698641140205
501 3671 -0.0003465250095084915 2.362009774895927 -1.285679144406778
501 3678 0.004327683779895231 1.818581260882001 -0.4206093925169091
501 3683 -0.002774025389082002 1.822922747792088 0.437909978914963
501 3690 0.001085717030701261 2.387131266986759 1.305129313282641
501 3707 7.698258020916171e-05 4.634056181373039 0.7084987584872404
501 3733 -0.0006716691824852905 2.741820985616132 -1.503421639430559
501 3740 -0.003003972444495018 1.906377114417799 -0.6847334626702317
501 3746 0.001073420093406607 1.776404776154372 0.1756795952522485
501 3751 -0.0001578357846055978 2.124287732332778 1.049034750563377
501 3762 0.0001291956514273274 3.691077643595238 1.533124548505468
501 3793 -0.00024242044673084 3.33929330238383 -1.596815030884923
501 3802 -0.003130189464407462 2.051718758131672 -0.9512793181558759
501 3808 -0.04799857822218057 1.768726940228617 -0.08375234302421836
501 3814 0.0007124585119489242 1.951427672127538 0.7814914704787123
501 3822 -8.437872713262795e-05 2.947189107202887 1.565374617982352
501 3850 1.848824708194918e-05 4.240386747080872 -1.227321056796985
501 3864 -0.00263696571064337 2.277154519985798 -1.214172472764053
501 3870 -0.001454260117841662 1.801062167925001 -0.3464067851965337
501 3876 0.003149432525268114 1.842493027671787 0.5117317347858167
501 3882 -0.0001299384223268918 2.478581462624114 1.370296229690556
501 3903 -3.246055746952692e-05 4.772165123383186 0.2711137112444469
501 3926 -0.0001847407049715422 2.623956305026217 -1.45265612094325
501 3933 0.001049270542485492 1.877781286124208 -0.6159442205409421
501 3938 -0.003237486865454775 1.78338858895202 0.2419339029350817
501 3944 0.001644309488077145 2.178863339001411 1.114573359998211
501 3956 0.0002738377806681402 3.922196738912019 1.440617966747657
501 3986 -0.0003824954780433654 3.168503660228222 -1.596743422848725
501 3995 0.0009482292504319201 2.010141321412177 -0.887566889794711
501 4000 -0.09701287702428163 1.764451508641597 -0.0254112533585395
501 4006 0.00183648071938447 1.984558739079902 0.8440330880403154
501 4014 5.947156611396665e-06 3.088085100264072 1.589495530907477
501 4044 3.762587870514977e-05 4.014836518382993 -1.390030804995148
501 4057 6.809783237204936e-05 2.217077493406265 -1.155589614536711
501 4063 0.001716502544356957 1.790006698046803 -0.2859436833331304
501 4068 -0.001544770815331845 1.861896551426063 0.5718821367169387
501 4075 0.0009210732148302592 2.565250382604112 1.422051639239928
501 4097 -4.295235610407566e-06 4.788976824603147 -0.1358196151966982
501 4118 -0.001485486418807108 2.533297534717161 -1.404035672096172
501 4125 -0.0009864053094724018 1.856449734118122 -0.5559313352088108
501 4130 -0.002823042321928426 1.792615911486625 0.3016306221832648
501 4136 -0.0001077145350875108 2.234572758025983 1.173370926920018
501 4150 0.000109578633394003 4.148743432196992 1.301003234637078
501 4179 -0.0005913684963483323 3.025013602845699 -1.580694165969751
501 4187 -0.003309953329859172 1.975331505787442 -0.8275890014469277
501 4193 -0.0001371582617846201 1.767257184657799 0.03353885577381165
501 4198 -0.0009171076175557014 2.02054070165836 0.9043006673571157
501 4207 6.359849784676186e-05 3.242596140388708 1.599338772028901
501 4238 2.207376024476737e-05 3.799643058887734 -1.495656496633608
501 4249 -0.003032910613367745 2.163500351959729 -1.097604180559246
501 4255 -0.0004079473954000656 1.78118697822633 -0.2273480322051998
501 4261 0.0003290859226678933 1.883279165461308 0.6310150377079488
501 4268 0.000313973779933141 2.657815954068495 1.468922382420288
501 4292 1.550690195006865e-05 4.712904551643526 -0.5135170029544608
501 4311 -0.0007842745674879747 2.453872168899414 -1.354955209385305
501 4317 -0.003569122416864912 1.838073826890017 -0.4999865990294282
501 4323 0.003979367335501374 1.802326325438653 0.3569910181835518
501 4329 0.001699164588513769 2.288778508157599 1.225807023450899
501 4344 7.03091728937455e-06 4.347995692787762 1.125261837339899
501 4372 -0.0003780143732639019 2.911074240504894 -1.558140029955989
501 4379 -0.000315835609320872 1.947307638482672 -0.7766678846050187
501 4385 -0.0004258837544185434 1.767799546968972 0.08205770822759631
501 4391 0.002724679703162702 2.050695798884405 0.9522951857466652
501 4400 0.0001814943808371439 3.371067263376002 1.595623459591401
501 4431 8.059762757861577e-06 3.647306755654275 -1.547145320206008
501 4441 -0.000463689460239336 2.126297966637709 -1.054518346570218
501 4447 0.0001930935378149368 1.77540750864909 -0.1852912293660972
501 4453 0.003167343657752064 1.899086795417213 0.6724549492925064
501 4460 0.000533802500420455 2.725562356279285 1.498678959423696
501 4486 0.0001057201354259796 4.619922219738726 -0.7392944277797753
501 4503 -0.00197136841316925 2.404849831663217 -1.320902122320247
501 4510 0.001848687092007251 1.826895153646718 -0.4619147269935556
501 4515 0.001377353993179065 1.809910205116093 0.3937788775977315
501 4521 -3.073715730239623e-05 2.328171036680684 1.260603065442657
501 4537 0.0001309645804377091 4.476151491825584 0.9731720632021782
501 4564 -0.0008203913538203933 2.838903237699453 -1.538258505466096
501 4572 0.001510830582141076 1.929588123302877 -0.7404159530692583
501 4577 -0.002024901147597319 1.769816230372428 0.1176059568000222
501 4583 0.001486698323486441 2.07598395321763 0.9883425689698438
501 4593 0.0002652104992749704 3.480508679191632 1.582832258416202
501 4624 -2.631917931772421e-05 3.531625198547118 -1.574194043364109
501 4634 -1.679395317971677e-05 2.09822570129263 -1.018870824178384
501 4640 -0.001849827360648981 1.771951942987283 -0.1499944014196807
501 4645 0.0005187104363094663 1.914358655610449 0.7080124577499154
501 4653 -1.812748746599091e-05 2.790676345279729 1.522876952112347
501 4680 -1.92952077104902e-05 4.51420410644933 -0.9197876761345422
501 4695 -0.0004879922383560498 2.362730140438116 -1.289428978033531
501 4702 0.004532948554240024 1.817540684986305 -0.4281295518273294
501 4707 -0.0023839667632648 1.817097053418818 0.4263033418947014
501 4714 0.0002040330172399241 2.36460138880412 1.290882261629721
501 4730 7.842391808710047e-05 4.577342832146235 0.8189102773120072
501 4757 -0.0001226820150583841 2.779839327093203 -1.519414843958167
501 4764 -0.0007287279758250165 1.915178211489514 -0.710601411140092
501 4769 -0.001019413050768386 1.771359697180391 0.1463790486884769
501 4775 -0.0004852736170902483 2.095966534913014 1.0163285941266
501 4785 -6.314595676759627e-05 3.56664351077923 1.567213630509771
501 4816 -5.906360696233959e-05 3.449822128371632 -1.587614864720568
501 4826 -0.001966796780279417 2.078531514075303 -0.9927491839655452
501 4832 -0.01218034816952213 1.769748219701608 -0.1250087218368
501 4837 -0.001652308622608789 1.925855562108117 0.7336670682453975
501 4845 0.0006148892633058844 2.839771936275559 1.538905290416417
501 4873 -1.189981345928182e-05 4.430169589375272 -1.032822983429897
501 4888 -0.0001889438107438579 2.334054927541101 -1.26633086761233
501 4894 0.00295501994964531 1.811499305478621 -0.4036468166161724
501 4899 -0.002626801111153321 1.823207731924146 0.4507236871869862
501 4906 0.001281592019827915 2.393877909318056 1.313481984257995
501 4923 1.510050674902175e-05 4.645872951340513 0.6861396283879846
501 4949 -0.0006559972159914107 2.73640681650804 -1.503801199050459
501 4956 -0.003041507786763264 1.904574313338498 -0.687789577354485
501 4962 0.0007759489124454788 1.772790355444772 0.1684743174674355
501 4967 -0.0007668590361082916 2.111804432508325 1.037704496562535
501 4978 0.0003125770425781438 3.634394959272652 1.551210648172714
501 5009 -0.0001173059335054516 3.390356855701256 -1.594648955037696
501 5018 -0.003110714565669248 2.064200061061985 -0.973538320668357
501 5024 -0.0252712022278116 1.767970708634572 -0.1075516189238924
501 5029 -0.001794420835739274 1.933882006235921 0.7516727282540726
501 5037 0.0006538644176886654 2.873784665290812 1.549129841488577
501 5065 9.764974443959851e-05 4.371930278129209 -1.10050452388651
501 5080 -0.0009803455145301898 2.315809776140395 -1.251178539566391
501 5086 0.001264335052914511 1.807668153671635 -0.3879300105056053
501 5091 -0.001183437637073181 1.827190718311704 0.4663731454257796
501 5098 0.001569158156606187 2.412656411158836 1.327525063127033
501 5116 9.894617490058266e-05 4.683090019333725 0.5985521049121189
501 5141 -0.001146087694168019 2.710365501285791 -1.493516689759631
501 5148 -0.003752703296744375 1.898231002425572 -0.6732018392963801
501 5154 0.00150708298752289 1.774080229321206 0.1828453976027574
501 5159 -7.550123805488695e-06 2.122926513779376 1.051919892216945
501 5170 0.0002283748323914647 3.681898040268029 1.537784858623067
501 5201 -0.0001450073081719072 3.350658647582029 -1.598035154570983
501 5210 -0.003504470085718414 2.054612213663382 -0.9604598447010035
501 5216 -0.03609350926209076 1.766700270825588 -0.09595670415362169
501 5221 -0.001315014902097122 1.939295907412746 0.763706063793873
501 5229 0.0003954569381098838 2.896717677529783 1.555583905712669
501 5258 -4.901020293313074e-05 4.332789044468019 -1.142067276391985
501 5272 -0.001661238136304088 2.304135329758699 -1.241498950610819
501 5278 0.0001218002839467602 1.805136116321111 -0.3782265307760834
501 5284 0.000214005528262895 1.829377071665244 0.4757129694490964
501 5290 0.001236156844659719 2.423210019175908 1.335498220287683
501 5308 -5.252699442070963e-06 4.701587065365572 0.5492382998986135
501 5333 -0.001241708698569211 2.696571858892858 -1.488072688481842
501 5340 -0.003657394374000145 1.894816634209747 -0.665897150007664
501 5346 0.00148238968189196 1.774419125569268 0.1895272339007509
501 5352 0.0005182029926321663 2.127519514944975 1.058151821550745
501 5362 3.6229145130795e-05 3.701150479719023 1.532051386969005
501 5393 -0.000225192904399929 3.335427635025533 -1.599205748164123
501 5402 -0.003301211043020835 2.050934416966194 -0.9557656865523846
501 5408 -0.03964659241770019 1.766019906296386 -0.09213517891973373
501 5413 -0.000914822880049404 1.940632619430647 0.7673033911814686
501 5421 0.0002364312063038998 2.902402610030355 1.557359231593665
501 5450 1.924322586349669e-05 4.323784395851293 -1.151476056783609
501 5464 -0.001741232836013962 2.301591620068755 -1.239804108259126
501 5470 8.797103191848787e-06 1.804410470612185 -0.377019970438736
501 5476 0.0002247889217926735 1.829059657814786 0.4762702420642814
501 5482 0.001390688633605919 2.422505086837361 1.335490479177566
501 5500 -2.267918692666626e-05 4.70004770985822 0.5541217699914511
501 5525 -0.001169363745738172 2.698205863603087 -1.48914386629574
501 5532 -0.00374593637777032 1.895137942969481 -0.6678036866722012
501 5538 0.001583470627944505 1.773710296039036 0.1870297470805497
501 5544 0.000193949254011283 2.124434597997643 1.055003730090735
501 5554 9.918505794814791e-05 3.68756107006411 1.536554047525679
501 5585 -0.0001818354896978569 3.347100998448655 -1.598772191125769
501 5594 -0.003520787417374827 2.053818909208328 -0.960626057159687
501 5600 -0.03488726242934881 1.766001717391478 -0.09709879892522832
501 5605 -0.001521591702932812 1.937252138779966 0.761294137179914
501 5613 0.0003972523268437333 2.888355551426858 1.554015457332415
501 5641 5.000424894374689e-05 4.348771793339201 -1.126022921131873
501 5656 -0.001302444891919108 2.309091189473607 -1.246648254713716
501 5662 0.0007395181575604592 1.805808845846971 -0.3845091260108139
501 5667 -0.00087754608349222 1.826620870757808 0.4682998090428408
501 5674 0.001571735445780931 2.411787502603299 1.328048591854509
501 5692 0.0001152290126964495 4.680632163193081 0.6060250949712236
501 5717 -0.001036990860916243 2.71320210998066 -1.495600437149453
501 5724 -0.003588769267634184 1.898734099337148 -0.6771158151606742
501 5730 0.001313560383770451 1.772476110494993 0.1774481759887924
501 5735 -0.0005743842031271651 2.116166946887765 1.045035047595673
501 5746 0.0003340250273358158 3.652036650487501 1.547113855303822
501 5777 -5.35138588656503e-05 3.377063462672447 -1.596684366671307
501 5786 -0.003262219491564244 2.061107249391508 -0.9713676326725313
501 5792 -0.02552545325343658 1.766607406825201 -0.1072327494019376
501 5797 -0.001893224717211428 1.931657082092219 0.7500854500804003
501 5805 0.0005825277134922091 2.864897557459717 1.547725290680117
501 5833 0.00010378176458814 4.389951292444939 -1.081272482008849
501 5848 -0.000642550292675903 2.32167286487116 -1.257570799224492
501 5854 0.002216918450516248 1.808316496464919 -0.3961350849424299
501 5859 -0.002426475112922377 1.823219824513804 0.4562505419867321
501 5866 0.001454619306135774 2.39639863903839 1.316914137500484
501 5883 -3.753800269601371e-05 4.64986135419743 0.6787814263925077
501 5909 -0.0007840506407839065 2.735061411253055 -1.504456755340636
501 5916 -0.002885494683428136 1.904018530283671 -0.6899424046552324
501 5922 0.0003896080537253988 1.771007186697662 0.1643382160246156
501 5927 -0.0008859928024737562 2.10537235692396 1.031599210989569
501 5938 0.0001670986546731257 3.605742065492956 1.559400137682813
501 5969 -5.125030498631666e-05 3.417226841438473 -1.592822048167548
501 5978 -0.002539328882694203 2.070837598908459 -0.9851906778252099
501 5984 -0.01523512924748716 1.767486430980639 -0.1203112191282397
501 5989 -0.001786183771981475 1.924797425720354 0.7358546535981407
501 5997 0.0005499750647882662 2.836045166735118 1.539336549695978
501 6024 -3.204053768079973e-06 4.440380049195431 -1.02149003918298
501 6040 -5.231197952415556e-05 2.337931055397211 -1.27164644454093
501 6046 0.003772423611067444 1.81149030738678 -0.4115439511550832
501 6051 -0.003087434526893862 1.818560241092414 0.4400720732748153
501 6058 0.0007884342361919039 2.375384423935335 1.301476951375965
501 6075 5.173632721744426e-05 4.602072683238448 0.7760986811768554
501 6101 -0.0001740951740416552 2.766546812731461 -1.516488415672105
501 6108 -0.001233590634649895 1.911641506542879 -0.707942457412437
501 6113 -0.001196556982945296 1.769161005413592 0.1459805616635686
501 6119 -0.0001501763331647199 2.09083438344935 1.012935795004082
501 6129 9.611882842963659e-05 3.542923901800614 1.573507942304486
501 6160 -5.666388507563624e-05 3.474922396473243 -1.585316095506769
501 6170 -0.0009492547233366996 2.084773868619312 -1.004482902009373
501 6176 -0.005050445605151131 1.76879308943924 -0.1389342151584992
501 6181 -0.0002159832641547288 1.91556504364705 0.7161253811833467
501 6189 4.08161118474748e-05 2.796962346429863 1.526889506411442
501 6216 5.024010784748789e-05 4.507819254485767 -0.9308412712190957
501 6231 -0.0004390023931533094 2.361179868482226 -1.290696853872149
