iline it ipx ipy ipz
151 32 -0.007784247216471897 2.53116936004875 -0.07144753006494492
151 75 -4.418990056920258e-05 3.843869944244718 -0.8672583214890976
151 110 -3.478614807206348e-05 3.221223634860258 0.9440314230661064
151 157 -4.141605546958971e-05 2.593383502417467 -0.3614623090482833
151 198 1.198134503055392e-05 4.224503464778994 -0.4859519914127621
151 234 2.004062005944718e-05 2.898302100980984 0.7854651684415107
151 281 2.441478084602711e-05 2.748601587221692 -0.637432857745298
151 319 -6.129115145003805e-05 4.340300802796189 0.123980896343413
151 359 -8.57629640453883e-05 2.675632944170373 0.5347493793795536
151 405 -4.562114952122442e-05 3.013215202258706 -0.862878230263676
151 441 -6.804001960869499e-05 4.085121711866639 0.6812475394905545
151 483 -0.0002057160114523615 2.553342594182237 0.2363605786158369
151 529 -9.545568367741453e-06 3.397488107732449 -0.9729930492155873
151 563 -2.633803275603735e-07 3.628865563363681 0.949996437695224
151 608 -0.004828528474551091 2.528707474510014 -0.07875119623002155
151 651 -4.195980860877135e-05 3.869849967080634 -0.8558527037427864
151 686 -8.212059970036378e-06 3.184297274091723 0.9370021603462928
151 732 -4.33375864892227e-05 2.604856091257393 -0.399174379067753
151 773 -4.571815185006045e-05 4.269031958151512 -0.3998962911000355
151 810 4.317103855816518e-06 2.844429803365228 0.7439128372954399
151 856 -2.736564607044856e-05 2.795398409869327 -0.695768122774534
151 894 -4.336543888228128e-05 4.30964789103283 0.2857870567589682
151 934 -5.420600498839967e-05 2.628331087883538 0.4542851299526616
151 980 2.461993303715104e-05 3.118324069698077 -0.9159627302104218
151 1015 -5.012338386434223e-05 3.939128009497276 0.8123594433140229
151 1058 0.001104855305987973 2.530221522765129 0.1195092544363395
151 1103 -4.821257920506472e-06 3.579210789132302 -0.9639901813284075
151 1137 -5.614911040896509e-05 3.427587900302301 0.9759087131308617
151 1182 -0.001075773017119697 2.547616912166685 -0.2264568602511309
151 1224 -7.02601883224574e-05 4.091120811394283 -0.6811343452821035
151 1260 -3.298028170650724e-05 2.991422557500476 0.8556926262745799
151 1306 0.0001118573443119608 2.690266317423268 -0.5668057246981448
151 1345 -4.280622879712648e-05 4.352511279850543 -0.01034258451620848
151 1383 -0.0001370035551919724 2.695616509911636 0.5766711646004553
151 1429 2.026363708163004e-06 2.982559098180261 -0.8517947562135255
151 1465 -4.659865031886312e-05 4.09312982951865 0.6800483463850513
151 1507 -0.0002449861275346521 2.544104841101242 0.2220060766934651
151 1552 5.077180612267362e-06 3.443557588396348 -0.9793549846473698
151 1586 -8.004739380096382e-05 3.545459830248983 0.9709881842419584
151 1631 0.002596704362573143 2.531179159579735 -0.1526550706138183
151 1673 -2.678935922073578e-05 4.004156999325772 -0.7677435555721617
151 1708 6.595520998464721e-06 3.051132028268621 0.8905814680899222
151 1755 -3.011406994213317e-06 2.659778200132171 -0.522054654057536
151 1794 -4.053811512366723e-05 4.349016666532071 -0.1049597506024383
151 1832 -4.640618776363681e-06 2.717788517300884 0.6113994616074013
151 1878 1.59639113161969e-05 2.948973884517781 -0.8327676848877166
151 1913 -2.767156061000975e-05 4.125781781858944 0.6450137952650815
151 1955 -0.0002099308779798248 2.546368074904851 0.2411106214761674
151 2000 6.115340595247432e-06 3.425239350982065 -0.9813829911132901
151 2034 -6.340722305919755e-05 3.552311254491409 0.9720792817169995
151 2079 0.002420180074412359 2.52936980475637 -0.1546670578646914
151 2121 7.394724355069826e-07 4.015904546451411 -0.7600364153157236
151 2156 -3.762711409849295e-05 3.032746040502203 0.8836733834224185
151 2202 3.88872555467934e-06 2.669902914724937 -0.5429835321010126
151 2241 -4.325532187643422e-05 4.355552923225604 -0.03915102215474891
151 2279 -0.0001152787784286513 2.690635038354274 0.5773297777728708
151 2325 -8.694903673056587e-06 2.995149535907118 -0.8645105653583508
151 2360 6.256570303175835e-06 4.055630978586112 0.7239384933734501
151 2402 0.000135129207521234 2.531640250205085 0.1793119139191213
151 2447 -5.688138459658543e-05 3.524072403906655 -0.9785140210349226
151 2481 -3.33144843815969e-05 3.440462749082357 0.9827012011667583
151 2526 -0.0009105627142971251 2.543290681107311 -0.23886433136048
151 2568 -3.064760434723368e-05 4.135361589745957 -0.6386341716960807
151 2603 9.538650950713379e-05 2.929784939997279 0.8241491307182881
151 2649 3.380634695948626e-05 2.733670776719868 -0.6384736625678478
151 2686 -1.640605401398432e-05 4.337994779223731 0.2027903721478295
151 2726 -5.354956231728991e-05 2.624046956648349 0.4668619113544892
151 2772 -2.201063822249161e-05 3.135678156321145 -0.9326468079845913
151 2806 -7.538322274114329e-05 3.861666437112818 0.8712742464317303
151 2849 -0.00409695770882651 2.514403275763216 0.03309089070730536
151 2893 -6.84682946017201e-06 3.750427162793469 -0.9252520890063338
151 2927 -1.169354363095287e-05 3.224851714410857 0.96007550489464
151 2972 5.863081506629619e-05 2.593110725862305 -0.4013340108153555
151 3012 3.782553981346304e-05 4.304872223333323 -0.3327343777663741
151 3049 2.264737952406559e-05 2.772653897101435 0.6885710147322857
151 3095 2.008664902131141e-06 2.880835662612565 -0.7905191164247046
151 3130 3.462912483875868e-06 4.182590058060198 0.5782790520612785
151 3171 -9.458158024566732e-05 2.546847757372534 0.2678394276812695
151 3216 -2.593116462179523e-05 3.413250104286174 -0.9871138988380551
151 3250 -6.270780791439723e-05 3.528409220770855 0.980959071668013
151 3294 -0.0002326321993313951 2.52921903968811 -0.1904315943169768
151 3336 -9.189391508090949e-05 4.091920212400513 -0.6941261496585767
151 3371 0.0001193737411702145 2.947779950559575 0.8413080098661188
151 3417 4.405782891336862e-05 2.724006432799647 -0.6326929678535814
151 3454 2.006813950350406e-06 4.33880487631689 0.2149053472036357
151 3493 -4.525517379150301e-05 2.611540335519566 0.4505888698133872
151 3539 -1.682983573547681e-05 3.170985859484914 -0.9488050166485058
151 3573 -2.233975002374766e-05 3.792707563952487 0.9099760326589038
151 3616 -0.03094145703274309 2.509987109420362 -0.02487427298366994
151 3659 -7.177077327558123e-06 3.860103690832317 -0.8777505162201811
151 3693 -2.186898641887147e-05 3.117622808244479 0.9304467330354524
151 3739 0.000157181222374847 2.63336484839337 -0.4954506550802364
151 3778 -2.183982965275888e-05 4.358012698514666 -0.09979100892659636
151 3815 -9.537713707707951e-06 2.683471225213608 0.5806252593629779
151 3861 4.481968066238906e-06 3.015540535260484 -0.884960893128544
151 3895 -9.415187829797667e-05 3.985001663876306 0.7949102094656353
151 3938 0.0004896666202983541 2.513293454255503 0.1011955337031145
151 3981 -1.613316028165057e-05 3.676862221833508 -0.9558673258288951
151 4015 2.436939073158229e-05 3.257145323539496 0.9730948030867106
151 4060 -2.070523950115088e-05 2.584015516616081 -0.394199441281518
151 4100 3.683642703089518e-05 4.31692806798018 -0.3114916481215036
151 4136 3.355351203404577e-05 2.743256892802012 0.6635431158858285
151 4182 -5.688218532862166e-07 2.924633952531181 -0.8309213407358923
151 4217 -7.286334230283131e-05 4.096259783664884 0.6944800938690234
151 4258 0.0003080680959386961 2.521250386477108 0.1761541908121726
151 4303 -2.020166658989186e-05 3.573680800890406 -0.9811604115108786
151 4336 -4.759923344499484e-05 3.339252502622177 0.987196648014441
151 4381 0.0002218179910298268 2.562055816861594 -0.3391398793831844
151 4421 -8.398706517964705e-05 4.278501046094479 -0.4175490612111173
151 4457 0.0001693696964440994 2.778835670658916 0.7060911921946986
151 4503 -9.122373250125548e-06 2.880852719315979 -0.7998336055590942
151 4538 -2.82298042630913e-06 4.148945157050507 0.6345098612407657
151 4579 -0.0001281869180073669 2.526728027886273 0.2132254865737985
151 4623 -3.044617414649231e-05 3.52511602359139 -0.98913739289731
151 4656 -5.734607813789871e-05 3.375935373895908 0.9917899076431456
151 4701 0.0002338394878451666 2.553554367689808 -0.3178414074379193
151 4741 -7.819150149912524e-05 4.264670105151594 -0.4508769925841812
151 4777 0.0001779277605641338 2.786646901147666 0.7165872670889633
151 4823 -3.00980426595765e-05 2.873395825229108 -0.795926251919265
151 4858 1.053343869017453e-05 4.151527317124894 0.6332828140795249
151 4899 -0.0001323914144800709 2.524581557692407 0.2097798759230173
151 4943 -6.534298869653732e-05 3.536568973499594 -0.989089633566498
151 4976 -3.873383231711713e-05 3.357306231783613 0.9914954070990284
151 5021 0.0002330422218472794 2.557771152107319 -0.3343591895998682
151 5061 -6.152531637004799e-05 4.283105255398736 -0.4120137926275394
151 5097 3.939402442837414e-05 2.766794124078412 0.6962169108589188
151 5142 -9.04795960887661e-06 2.897966665147802 -0.8159941186717855
151 5177 -6.845156821189136e-05 4.112164632885848 0.6815719721086776
151 5218 0.000412231563304194 2.517275855745109 0.1749612850549837
151 5262 -2.866635348963698e-05 3.5949239314759 -0.9810276286270669
151 5295 5.7968864721758e-06 3.297386181272821 0.9859552561441247
151 5340 1.630137933061881e-05 2.572988842212309 -0.3814687659220426
151 5380 -7.848651463859824e-06 4.32320506113342 -0.3073571294809395
151 5416 0.0001456593400878115 2.722646051760004 0.6476806655827215
151 5462 -2.37277973134109e-05 2.960626350541433 -0.8619517554565164
151 5496 -9.799964635348601e-06 4.013230563778122 0.7803601012336235
151 5537 -2.978476318465928e-05 2.505313503113672 0.09441511772313903
151 5581 -3.910979683047211e-05 3.724985646616639 -0.9474049565011858
151 5614 -3.01206816955002e-05 3.178682957054396 0.9611040448129046
151 5659 0.0001445837658928806 2.612121886442033 -0.4746708171379971
151 5697 -4.312071501566539e-05 4.366582185486676 -0.08894340060915565
151 5735 1.133563054533937e-05 2.653243884248013 0.5502368754402366
151 5780 -1.792319582971658e-06 3.083041837516928 -0.9273998261995257
151 5813 -1.713064299169176e-05 3.838544920377974 0.8988109979296609
151 5856 -0.02887664950436164 2.499356317031909 -0.03033666452867434
151 5899 -2.111665511450589e-05 3.923737060155125 -0.8510600592041043
151 5932 4.867845353473399e-07 3.016114202227719 0.8959696238867307
151 5978 3.102829993917311e-05 2.689719109767254 -0.6070155807771992
151 6014 -2.178761324822531e-05 4.345075212494852 0.2346180299207001
151 6053 -5.586403255519734e-05 2.577273902753922 0.4041728860207104
151 6098 -2.883681857679399e-05 3.283606354264772 -0.9887283020256781
151 6130 -4.202360477334466e-05 3.580464775112243 0.9869906848804404
151 6174 -0.0006937095735453092 2.51678876902187 -0.2012576155113346
151 6215 -8.847353465402108e-06 4.169801660016889 -0.6198701589793317
